$ANSIBLE_VAULT;1.1;AES256
32376665643566663030613035666138333836613733663031366163663236343164353631393931
3137633965393737323832346132393265366134303930360a393938636436326164663735333337
37336261346633316664663431306133383639626430653236316230353963326638323433633861
6664323432656565650a633435623261373664326261386661383130353561343534316264663666
38626162343537626462383530353561333738313833353833613962656537326464333064303030
65383863313864366632316438306664383637653130396162383764643736656462623834643062
34663563343161336235356533633962333139333138613031643038373436646637376133373530
38643932393362333536333334303332353334316130366361633365386237383732383061323133
65383735316130366431313033366464343738623237383362663536373130663561646365396530
33363733313866313562383430623662323062313835663235396165303738356530633163613835
65643834316130326664633464373362633737616361613831393466323666613434326566616466
38323738356561353230653436393162396434323436613664663432393532653162643935346637
33393635663364343364336634363533636132616162303638323230666166663830646661646237
39343364363337656538383365623634643330393638333465616530306661666133323162336230
63633835626631343434613765343832376135373966393162626130316539386138653332303933
62386439313133663366656561363563373835313937353937323331373966366334656536343436
35386239623765623139323938616537353731646136623061336236326564383361623631626166
34396561393330613863306234353032303134646561343162343435326134386531366533663361
65316562366231383363366239353338626130346139356234346434363965323561376334623136
64316262393830636562653238333863343365306434356665373838356333666663393830326635
39303934303265316439383561333534653766623335616334306630623962353566376337613062
3637666233653739346166646332373036373564643836396165
